# nothing cycles: 36 32 24 24 24 24 24 24 24 24 24 24 24 24 24 24 24 24 24 24 24 24 24 24 24 24 24 24 24 24 24 24 24 24 24 24 24 24 24 24 24 24 24 24 24 24 24 24 24 24 24 24 24 24 24 24 24 24 24 24 24 24
# nothing sorted: 24 24 24 24 24 24 24 24 24 24 24 24 24 24 24 24 24 24 24 24 24 24 24 24 24 24 24 24 24 24 24 24 24 24 24 24 24 24 24 24 24 24 24 24 24 24 24 24 24 24 24 24 24 24 24 24 24 24 24 24 32 36
# innerloop60 cycles: 1264 536 428 376 380 384 368 376 380 384 380 372 372 380 376 396 376 380 380 372 372 380 416 384 384 380 384 376 384 372 372 372 372 380 384 380 372 372 380 376 400 376 416 372 380 384 372 384 380 384 372 388 368 380 380 376 380 376 372 384 376 380
# innerloop60 sorted: 368 368 372 372 372 372 372 372 372 372 372 372 372 372 372 372 376 376 376 376 376 376 376 376 376 376 380 380 380 380 380 380 380 380 380 380 380 380 380 380 380 380 380 384 384 384 384 384 384 384 384 384 384 384 388 396 400 416 416 428 536 1264
# transition cycles: 688 104 104 108 104 104 104 104 104 104 104 104 104 104 104 104 104 104 104 104 104 104 104 108 104 104 104 104 104 104 104 104 104 104 104 104 104 104 104 104 104 104 104 108 104 104 104 104 104 104 104 104 104 104 104 104 104 104 104 104 104 104
# transition sorted: 104 104 104 104 104 104 104 104 104 104 104 104 104 104 104 104 104 104 104 104 104 104 104 104 104 104 104 104 104 104 104 104 104 104 104 104 104 104 104 104 104 104 104 104 104 104 104 104 104 104 104 104 104 104 104 104 104 104 108 108 108 688
# inverse_255 cycles: 6008 5532 5484 5472 5460 5460 5640 5428 5704 5464 5448 5412 5448 5428 5576 5596 5464 5448 5448 5580 5432 5456 5452 5456 5440 5440 5440 5440 5440 5440 5440 5440 5440 5440 5440 5440 5508 5440 5440 5440 5440 5440 5440 5440 5440 5460 5448 5428 5704 5460 5448 5416 5448 5424 5580 5596 5460 5448 5452 5576 5436 5452
# inverse_255 sorted: 5412 5416 5424 5428 5428 5428 5432 5436 5440 5440 5440 5440 5440 5440 5440 5440 5440 5440 5440 5440 5440 5440 5440 5440 5440 5440 5440 5440 5448 5448 5448 5448 5448 5448 5448 5448 5452 5452 5452 5456 5456 5460 5460 5460 5460 5460 5464 5464 5472 5484 5508 5532 5576 5576 5580 5580 5596 5596 5640 5704 5704 6008
g=0-19 *(2** 0)+0 *(2** 60)+0 *(2** 120)+0 *(2** 180)+32768 *(2** 240)
assert g== 2**255-19
f=0+255374113407443910 *(2** 0)-271174299095447437 *(2** 60)-238448539375936257 *(2** 120)+209580429870979308 *(2** 180)+15565 *(2** 240)
U,V,R,S = 1,0,0,1
u=3346890040
v=-13345822628
r=-748642578
s=3329709799
U,V,R,S=u*U+v*R,u*V+v*S,r*U+s*R,r*V+s*S
u=-147004300
v=338321494
r=-346062854
s=-7046331317
U,V,R,S=u*U+v*R,u*V+v*S,r*U+s*R,r*V+s*S
u=-796894944
v=-2326818280
r=756045124
s=760775451
U,V,R,S=u*U+v*R,u*V+v*S,r*U+s*R,r*V+s*S
u=-2576890244
v=-489112460
r=-461187399
s=-534944789
U,V,R,S=u*U+v*R,u*V+v*S,r*U+s*R,r*V+s*S
u=-2940284288
v=-2193870752
r=246570492
s=-208135559
U,V,R,S=u*U+v*R,u*V+v*S,r*U+s*R,r*V+s*S
u=353171248
v=498545872
r=-3630783811
s=-1860827517
U,V,R,S=u*U+v*R,u*V+v*S,r*U+s*R,r*V+s*S
u=3644941064
v=65836728
r=5314546585
s=412301279
U,V,R,S=u*U+v*R,u*V+v*S,r*U+s*R,r*V+s*S
u=2325281236
v=-7082821222
r=-494763382
s=2002872605
U,V,R,S=u*U+v*R,u*V+v*S,r*U+s*R,r*V+s*S
u=1993280061440
v=-821977677824
r=-63876
s=604745
U,V,R,S=u*U+v*R,u*V+v*S,r*U+s*R,r*V+s*S
u=1152921504606846976
v=0
r=0
s=1
U,V,R,S=u*U+v*R,u*V+v*S,r*U+s*R,r*V+s*S
u=1152921504606846976
v=0
r=0
s=1
U,V,R,S=u*U+v*R,u*V+v*S,r*U+s*R,r*V+s*S
u=1152921504606846976
v=0
r=0
s=1
U,V,R,S=u*U+v*R,u*V+v*S,r*U+s*R,r*V+s*S
print(U,V,R,S)
print(hex((U*g+V*f)),hex((R*g+S*f)))
